[[[-1.00000000e+00  0.00000000e+00  0.00000000e+00  0.00000000e+00]
  [ 0.00000000e+00 -1.00000000e+00  0.00000000e+00  0.00000000e+00]
  [ 0.00000000e+00  0.00000000e+00  1.00000000e+00 -1.00000000e+03]
  [ 0.00000000e+00  0.00000000e+00  0.00000000e+00  1.00000000e+00]]

 [[ 9.51058053e-01  2.62862646e-01  1.62455557e-01 -1.62455559e+02]
  [-3.09012264e-01  8.09021733e-01  4.99995257e-01 -4.99995261e+02]
  [ 0.00000000e+00 -5.25725275e-01  8.50654416e-01 -8.50654423e+02]
  [ 0.00000000e+00  0.00000000e+00  0.00000000e+00  1.00000000e+00]]

 [[-9.51058053e-01  2.62862646e-01  1.62455557e-01 -1.62455559e+02]
  [-3.09012264e-01 -8.09021733e-01 -4.99995257e-01  4.99995261e+02]
  [-0.00000000e+00 -5.25725275e-01  8.50654416e-01 -8.50654423e+02]
  [ 0.00000000e+00  0.00000000e+00  0.00000000e+00  1.00000000e+00]]

 [[-5.87780750e-01 -6.88196485e-01 -4.25322688e-01  4.25322682e+02]
  [ 8.09020266e-01 -4.99998162e-01 -3.09011404e-01  3.09011400e+02]
  [ 0.00000000e+00 -5.25725629e-01  8.50654197e-01 -8.50654185e+02]
  [ 0.00000000e+00  0.00000000e+00  0.00000000e+00  1.00000000e+00]]

 [[ 5.87780750e-01 -6.88196485e-01 -4.25322688e-01  4.25322682e+02]
  [ 8.09020266e-01  4.99998162e-01  3.09011404e-01 -3.09011400e+02]
  [ 0.00000000e+00 -5.25725629e-01  8.50654197e-01 -8.50654185e+02]
  [ 0.00000000e+00  0.00000000e+00  0.00000000e+00  1.00000000e+00]]

 [[ 0.00000000e+00  8.50651647e-01  5.25729754e-01 -5.25729775e+02]
  [-1.00000000e+00  0.00000000e+00  0.00000000e+00  0.00000000e+00]
  [ 0.00000000e+00 -5.25729754e-01  8.50651647e-01 -8.50651681e+02]
  [ 0.00000000e+00  0.00000000e+00  0.00000000e+00  1.00000000e+00]]

 [[-9.51054787e-01 -1.62464671e-01 -2.62868832e-01  2.62868822e+02]
  [ 3.09022317e-01 -5.00005323e-01 -8.09011672e-01  8.09011638e+02]
  [ 0.00000000e+00 -8.50646758e-01  5.25737665e-01 -5.25737643e+02]
  [ 0.00000000e+00  0.00000000e+00  0.00000000e+00  1.00000000e+00]]

 [[ 9.51054787e-01 -1.62464671e-01 -2.62868832e-01  2.62868822e+02]
  [ 3.09022317e-01  5.00005323e-01  8.09011672e-01 -8.09011638e+02]
  [ 0.00000000e+00 -8.50646758e-01  5.25737665e-01 -5.25737643e+02]
  [ 0.00000000e+00  0.00000000e+00  0.00000000e+00  1.00000000e+00]]

 [[ 5.87783770e-01  4.25330070e-01  6.88189343e-01 -6.88189387e+02]
  [-8.09018072e-01  3.09019193e-01  4.99996898e-01 -4.99996930e+02]
  [ 0.00000000e+00 -8.50647677e-01  5.25736179e-01 -5.25736213e+02]
  [ 0.00000000e+00  0.00000000e+00  0.00000000e+00  1.00000000e+00]]

 [[-5.87783770e-01  4.25330070e-01  6.88189343e-01 -6.88189387e+02]
  [-8.09018072e-01 -3.09019193e-01 -4.99996898e-01  4.99996930e+02]
  [-0.00000000e+00 -8.50647677e-01  5.25736179e-01 -5.25736213e+02]
  [ 0.00000000e+00  0.00000000e+00  0.00000000e+00  1.00000000e+00]]

 [[ 0.00000000e+00 -5.25735903e-01 -8.50647848e-01  8.50647867e+02]
  [ 1.00000000e+00  0.00000000e+00  0.00000000e+00  0.00000000e+00]
  [ 0.00000000e+00 -8.50647848e-01  5.25735903e-01 -5.25735915e+02]
  [ 0.00000000e+00  0.00000000e+00  0.00000000e+00  1.00000000e+00]]

 [[ 9.51058052e-01  1.38196416e-01  2.76388012e-01 -2.76388019e+02]
  [-3.09012269e-01  4.25332026e-01  8.50649214e-01 -8.50649238e+02]
  [ 0.00000000e+00 -8.94424071e-01  4.47219836e-01 -4.47219849e+02]
  [ 0.00000000e+00  0.00000000e+00  0.00000000e+00  1.00000000e+00]]

 [[-9.51058052e-01  1.38196416e-01  2.76388012e-01 -2.76388019e+02]
  [-3.09012269e-01 -4.25332026e-01 -8.50649214e-01  8.50649238e+02]
  [-0.00000000e+00 -8.94424071e-01  4.47219836e-01 -4.47219849e+02]
  [ 0.00000000e+00  0.00000000e+00  0.00000000e+00  1.00000000e+00]]

 [[-5.87780735e-01 -3.61809674e-01 -7.23607329e-01  7.23607302e+02]
  [ 8.09020276e-01 -2.62867029e-01 -5.25725325e-01  5.25725305e+02]
  [ 0.00000000e+00 -8.94424220e-01  4.47219538e-01 -4.47219521e+02]
  [ 0.00000000e+00  0.00000000e+00  0.00000000e+00  1.00000000e+00]]

 [[ 5.87780735e-01 -3.61809674e-01 -7.23607329e-01  7.23607302e+02]
  [ 8.09020276e-01  2.62867029e-01  5.25725325e-01 -5.25725305e+02]
  [ 0.00000000e+00 -8.94424220e-01  4.47219538e-01 -4.47219521e+02]
  [ 0.00000000e+00  0.00000000e+00  0.00000000e+00  1.00000000e+00]]

 [[ 0.00000000e+00  4.47215598e-01  8.94426190e-01 -8.94426227e+02]
  [-1.00000000e+00  0.00000000e+00  0.00000000e+00  0.00000000e+00]
  [ 0.00000000e+00 -8.94426190e-01  4.47215598e-01 -4.47215617e+02]
  [ 0.00000000e+00  0.00000000e+00  0.00000000e+00  1.00000000e+00]]

 [[ 8.09016728e-01  0.00000000e+00  5.87785619e-01 -5.87785602e+02]
  [-5.87785619e-01  0.00000000e+00  8.09016728e-01 -8.09016705e+02]
  [ 0.00000000e+00 -1.00000000e+00  0.00000000e+00  0.00000000e+00]
  [ 0.00000000e+00  0.00000000e+00  0.00000000e+00  1.00000000e+00]]

 [[ 3.09012647e-01  0.00000000e+00  9.51057929e-01 -9.51057851e+02]
  [-9.51057929e-01  0.00000000e+00  3.09012647e-01 -3.09012622e+02]
  [ 0.00000000e+00 -1.00000000e+00  0.00000000e+00  0.00000000e+00]
  [ 0.00000000e+00  0.00000000e+00  0.00000000e+00  1.00000000e+00]]

 [[-3.09012647e-01  0.00000000e+00  9.51057929e-01 -9.51057851e+02]
  [-9.51057929e-01  0.00000000e+00 -3.09012647e-01  3.09012622e+02]
  [-0.00000000e+00 -1.00000000e+00  0.00000000e+00  0.00000000e+00]
  [ 0.00000000e+00  0.00000000e+00  0.00000000e+00  1.00000000e+00]]

 [[-8.09016728e-01  0.00000000e+00  5.87785619e-01 -5.87785602e+02]
  [-5.87785619e-01  0.00000000e+00 -8.09016728e-01  8.09016705e+02]
  [-0.00000000e+00 -1.00000000e+00  0.00000000e+00  0.00000000e+00]
  [ 0.00000000e+00  0.00000000e+00  0.00000000e+00  1.00000000e+00]]

 [[-1.00000000e+00  0.00000000e+00  0.00000000e+00  0.00000000e+00]
  [-0.00000000e+00  0.00000000e+00 -1.00000000e+00  9.99999940e+02]
  [-0.00000000e+00 -1.00000000e+00  0.00000000e+00  0.00000000e+00]
  [ 0.00000000e+00  0.00000000e+00  0.00000000e+00  1.00000000e+00]]

 [[-8.09016728e-01 -0.00000000e+00 -5.87785619e-01  5.87785602e+02]
  [ 5.87785619e-01  0.00000000e+00 -8.09016728e-01  8.09016705e+02]
  [ 0.00000000e+00 -1.00000000e+00  0.00000000e+00  0.00000000e+00]
  [ 0.00000000e+00  0.00000000e+00  0.00000000e+00  1.00000000e+00]]

 [[-3.09012647e-01 -0.00000000e+00 -9.51057929e-01  9.51057851e+02]
  [ 9.51057929e-01  0.00000000e+00 -3.09012647e-01  3.09012622e+02]
  [ 0.00000000e+00 -1.00000000e+00  0.00000000e+00  0.00000000e+00]
  [ 0.00000000e+00  0.00000000e+00  0.00000000e+00  1.00000000e+00]]

 [[ 3.09012647e-01  0.00000000e+00 -9.51057929e-01  9.51057851e+02]
  [ 9.51057929e-01  0.00000000e+00  3.09012647e-01 -3.09012622e+02]
  [ 0.00000000e+00 -1.00000000e+00  0.00000000e+00  0.00000000e+00]
  [ 0.00000000e+00  0.00000000e+00  0.00000000e+00  1.00000000e+00]]

 [[ 8.09016728e-01  0.00000000e+00 -5.87785619e-01  5.87785602e+02]
  [ 5.87785619e-01  0.00000000e+00  8.09016728e-01 -8.09016705e+02]
  [ 0.00000000e+00 -1.00000000e+00  0.00000000e+00  0.00000000e+00]
  [ 0.00000000e+00  0.00000000e+00  0.00000000e+00  1.00000000e+00]]

 [[ 1.00000000e+00  0.00000000e+00  0.00000000e+00  0.00000000e+00]
  [-0.00000000e+00  0.00000000e+00  1.00000000e+00 -9.99999940e+02]
  [ 0.00000000e+00 -1.00000000e+00  0.00000000e+00  0.00000000e+00]
  [ 0.00000000e+00  0.00000000e+00  0.00000000e+00  1.00000000e+00]]

 [[ 0.00000000e+00  4.47215598e-01 -8.94426190e-01  8.94426227e+02]
  [ 1.00000000e+00  0.00000000e+00  0.00000000e+00  0.00000000e+00]
  [ 0.00000000e+00 -8.94426190e-01 -4.47215598e-01  4.47215617e+02]
  [ 0.00000000e+00  0.00000000e+00  0.00000000e+00  1.00000000e+00]]

 [[ 5.87780735e-01 -3.61809674e-01  7.23607329e-01 -7.23607302e+02]
  [-8.09020276e-01 -2.62867029e-01  5.25725325e-01 -5.25725305e+02]
  [ 0.00000000e+00 -8.94424220e-01 -4.47219538e-01  4.47219521e+02]
  [ 0.00000000e+00  0.00000000e+00  0.00000000e+00  1.00000000e+00]]

 [[-5.87780735e-01 -3.61809674e-01  7.23607329e-01 -7.23607302e+02]
  [-8.09020276e-01  2.62867029e-01 -5.25725325e-01  5.25725305e+02]
  [-0.00000000e+00 -8.94424220e-01 -4.47219538e-01  4.47219521e+02]
  [ 0.00000000e+00  0.00000000e+00  0.00000000e+00  1.00000000e+00]]

 [[-9.51058052e-01  1.38196416e-01 -2.76388012e-01  2.76388019e+02]
  [ 3.09012269e-01  4.25332026e-01 -8.50649214e-01  8.50649238e+02]
  [ 0.00000000e+00 -8.94424071e-01 -4.47219836e-01  4.47219849e+02]
  [ 0.00000000e+00  0.00000000e+00  0.00000000e+00  1.00000000e+00]]

 [[ 9.51058052e-01  1.38196416e-01 -2.76388012e-01  2.76388019e+02]
  [ 3.09012269e-01 -4.25332026e-01  8.50649214e-01 -8.50649238e+02]
  [ 0.00000000e+00 -8.94424071e-01 -4.47219836e-01  4.47219849e+02]
  [ 0.00000000e+00  0.00000000e+00  0.00000000e+00  1.00000000e+00]]

 [[ 0.00000000e+00 -5.25735903e-01  8.50647848e-01 -8.50647867e+02]
  [-1.00000000e+00 -0.00000000e+00  0.00000000e+00  0.00000000e+00]
  [ 0.00000000e+00 -8.50647848e-01 -5.25735903e-01  5.25735915e+02]
  [ 0.00000000e+00  0.00000000e+00  0.00000000e+00  1.00000000e+00]]

 [[-5.87783770e-01  4.25330070e-01 -6.88189343e-01  6.88189387e+02]
  [ 8.09018072e-01  3.09019193e-01 -4.99996898e-01  4.99996930e+02]
  [ 0.00000000e+00 -8.50647677e-01 -5.25736179e-01  5.25736213e+02]
  [ 0.00000000e+00  0.00000000e+00  0.00000000e+00  1.00000000e+00]]

 [[ 5.87783770e-01  4.25330070e-01 -6.88189343e-01  6.88189387e+02]
  [ 8.09018072e-01 -3.09019193e-01  4.99996898e-01 -4.99996930e+02]
  [ 0.00000000e+00 -8.50647677e-01 -5.25736179e-01  5.25736213e+02]
  [ 0.00000000e+00  0.00000000e+00  0.00000000e+00  1.00000000e+00]]

 [[ 9.51054787e-01 -1.62464671e-01  2.62868832e-01 -2.62868822e+02]
  [-3.09022317e-01 -5.00005323e-01  8.09011672e-01 -8.09011638e+02]
  [ 0.00000000e+00 -8.50646758e-01 -5.25737665e-01  5.25737643e+02]
  [ 0.00000000e+00  0.00000000e+00  0.00000000e+00  1.00000000e+00]]

 [[-9.51054787e-01 -1.62464671e-01  2.62868832e-01 -2.62868822e+02]
  [-3.09022317e-01  5.00005323e-01 -8.09011672e-01  8.09011638e+02]
  [-0.00000000e+00 -8.50646758e-01 -5.25737665e-01  5.25737643e+02]
  [ 0.00000000e+00  0.00000000e+00  0.00000000e+00  1.00000000e+00]]

 [[ 0.00000000e+00  8.50651647e-01 -5.25729754e-01  5.25729775e+02]
  [ 1.00000000e+00  0.00000000e+00  0.00000000e+00  0.00000000e+00]
  [ 0.00000000e+00 -5.25729754e-01 -8.50651647e-01  8.50651681e+02]
  [ 0.00000000e+00  0.00000000e+00  0.00000000e+00  1.00000000e+00]]

 [[ 5.87780750e-01 -6.88196485e-01  4.25322688e-01 -4.25322682e+02]
  [-8.09020266e-01 -4.99998162e-01  3.09011404e-01 -3.09011400e+02]
  [ 0.00000000e+00 -5.25725629e-01 -8.50654197e-01  8.50654185e+02]
  [ 0.00000000e+00  0.00000000e+00  0.00000000e+00  1.00000000e+00]]

 [[-5.87780750e-01 -6.88196485e-01  4.25322688e-01 -4.25322682e+02]
  [-8.09020266e-01  4.99998162e-01 -3.09011404e-01  3.09011400e+02]
  [-0.00000000e+00 -5.25725629e-01 -8.50654197e-01  8.50654185e+02]
  [ 0.00000000e+00  0.00000000e+00  0.00000000e+00  1.00000000e+00]]

 [[-9.51058053e-01  2.62862641e-01 -1.62455566e-01  1.62455559e+02]
  [ 3.09012264e-01  8.09021717e-01 -4.99995282e-01  4.99995261e+02]
  [ 0.00000000e+00 -5.25725302e-01 -8.50654399e-01  8.50654364e+02]
  [ 0.00000000e+00  0.00000000e+00  0.00000000e+00  1.00000000e+00]]

 [[ 9.51058053e-01  2.62862641e-01 -1.62455566e-01  1.62455559e+02]
  [ 3.09012264e-01 -8.09021717e-01  4.99995282e-01 -4.99995261e+02]
  [ 0.00000000e+00 -5.25725302e-01 -8.50654399e-01  8.50654364e+02]
  [ 0.00000000e+00  0.00000000e+00  0.00000000e+00  1.00000000e+00]]

 [[ 1.00000000e+00  0.00000000e+00  0.00000000e+00  0.00000000e+00]
  [ 0.00000000e+00 -1.00000000e+00  0.00000000e+00  0.00000000e+00]
  [ 0.00000000e+00  0.00000000e+00 -1.00000000e+00  1.00000000e+03]
  [ 0.00000000e+00  0.00000000e+00  0.00000000e+00  1.00000000e+00]]]