[[[-1.00000000e+00  0.00000000e+00  0.00000000e+00  0.00000000e+00]
  [ 0.00000000e+00 -1.00000000e+00  0.00000000e+00  0.00000000e+00]
  [ 0.00000000e+00  0.00000000e+00  1.00000000e+00 -1.00000000e+03]
  [ 0.00000000e+00  0.00000000e+00  0.00000000e+00  1.00000000e+00]]

 [[ 9.51058058e-01  2.97251024e-01  8.44416928e-02 -8.44416916e+01]
  [-3.09012250e-01  9.14860111e-01  2.59889219e-01 -2.59889215e+02]
  [ 0.00000000e+00 -2.73263253e-01  9.61939288e-01 -9.61939275e+02]
  [ 0.00000000e+00  0.00000000e+00  0.00000000e+00  1.00000000e+00]]

 [[-9.51058058e-01  2.97251024e-01  8.44416928e-02 -8.44416916e+01]
  [-3.09012250e-01 -9.14860111e-01 -2.59889219e-01  2.59889215e+02]
  [-0.00000000e+00 -2.73263253e-01  9.61939288e-01 -9.61939275e+02]
  [ 0.00000000e+00  0.00000000e+00  0.00000000e+00  1.00000000e+00]]

 ...

 [[-9.51058058e-01  2.97251024e-01 -8.44416928e-02  8.44416916e+01]
  [ 3.09012250e-01  9.14860111e-01 -2.59889219e-01  2.59889215e+02]
  [ 0.00000000e+00 -2.73263253e-01 -9.61939288e-01  9.61939275e+02]
  [ 0.00000000e+00  0.00000000e+00  0.00000000e+00  1.00000000e+00]]

 [[ 9.51058058e-01  2.97251024e-01 -8.44416928e-02  8.44416916e+01]
  [ 3.09012250e-01 -9.14860111e-01  2.59889219e-01 -2.59889215e+02]
  [ 0.00000000e+00 -2.73263253e-01 -9.61939288e-01  9.61939275e+02]
  [ 0.00000000e+00  0.00000000e+00  0.00000000e+00  1.00000000e+00]]

 [[ 1.00000000e+00  0.00000000e+00  0.00000000e+00  0.00000000e+00]
  [ 0.00000000e+00 -1.00000000e+00  0.00000000e+00  0.00000000e+00]
  [ 0.00000000e+00  0.00000000e+00 -1.00000000e+00  1.00000000e+03]
  [ 0.00000000e+00  0.00000000e+00  0.00000000e+00  1.00000000e+00]]]
